Διαγωνιζόμενος_01
12
19
17
15
20
0
Διαγωνιζόμενος_02
19
20
18
15
16
13
Διαγωνιζόμενος_03
15
12
13
14
20
16
Διαγωνιζόμενος_04
15
16
18
13
18
0
Διαγωνιζόμενος_05
17
14
17
12
12
16
Διαγωνιζόμενος_06
-1
11
16
14
15
qwe
15
0
Διαγωνιζόμενος_07
19
12
13
13
12
asd
12
Διαγωνιζόμενος_08
11
0
15
20
18
20
Διαγωνιζόμενος_09
18
11
18
17
13
18
Διαγωνιζόμενος_10
18
13
13
18
11
19
Διαγωνιζόμενος_11
16
11
17
13
15
16
Διαγωνιζόμενος_12
17
10
17
10
16
20
Διαγωνιζόμενος_13
10
0
11
5
18
zxc
2
Διαγωνιζόμενος_14
18
13
12
14
2
0
Διαγωνιζόμενος_15
16
10
11
13
17
13
Διαγωνιζόμενος_16
13
14
15
16
15
18
Διαγωνιζόμενος_17
13
0
15
19
13
18
Διαγωνιζόμενος_18
14
12
17
18
20
18
Διαγωνιζόμενος_19
14
20
14
16
11
19
Διαγωνιζόμενος_20
13
15
11
13
20
16
Διαγωνιζόμενος_21
13
12
17
19
19
0
Διαγωνιζόμενος_22
15
17
12
18
12
16
Διαγωνιζόμενος_23
14
19
11
20
11
12
Διαγωνιζόμενος_24
16
20
18
14
19
18
Διαγωνιζόμενος_25
14
15
14
19
14
0
Διαγωνιζόμενος_26
21
14
0
19
2
10
10
Διαγωνιζόμενος_27
5
7
14
1
15
8
Διαγωνιζόμενος_28
3
13
13
0
10
16
Διαγωνιζόμενος_29
15
4
13
7
10
15
Διαγωνιζόμενος_30
3
1
24
8
17
18
17
END
